75 2007 4 10
90 2009 11 10
53 2006 10 1
1 2002 8 6
96 2014 10 11
53 2001 8 20
30 2012 3 12
65 2005 8 23
99 2009 3 14
64 2014 10 17
84 2002 6 15
2 2014 11 16
56 2016 9 22
7 2006 8 14
87 2006 2 4
33 2005 10 4
81 2015 1 10
1 1999 8 4
6 1999 8 7
72 2017 10 11
88 2009 12 17
72 2011 11 13
99 2011 9 5
69 2010 5 11
48 2004 10 4
82 2006 9 11
31 2008 11 1
83 2004 11 21
63 2011 4 18
44 1998 6 3
96 2007 6 8
37 2006 6 10
66 2001 10 10
15 2011 8 10
90 2007 6 5
83 2015 9 16
81 2014 7 1
34 2011 1 11
90 2011 3 8
1 2004 2 21
5 2006 5 16
50 2006 9 22
3 2015 11 23
61 2002 4 2
78 2013 7 13
85 2006 2 23
14 2005 7 11
47 2004 5 13
37 2008 2 10
55 1999 3 9
9 2010 12 12
80 1999 10 16
39 2000 7 6
80 2009 1 14
34 2005 7 3
94 2003 6 17
45 2004 8 2
7 2016 7 17
57 2001 6 6
45 2010 3 2
55 2014 1 8
78 2001 10 19
49 2009 1 5
53 1999 6 19
13 2003 1 12
45 2013 8 11
64 2014 9 15
11 2014 2 17
15 2006 7 3
23 2001 12 7
55 2014 7 12
86 2004 3 12
76 2011 2 4
58 2012 8 18
24 2009 9 22
48 2000 9 16
41 2004 1 3
51 2004 7 22
37 2013 12 15
19 2000 8 8
63 2001 11 10
73 2017 2 10
80 2013 11 15
49 2017 10 10
12 2016 2 12
27 2000 12 10
12 2001 10 19
79 2017 8 3
97 2005 5 7
28 2003 12 10
19 2010 4 17
47 2016 6 9
95 2008 7 7
1 1999 1 12
21 2006 4 14
21 2004 8 19
21 2012 9 3
65 2008 2 20
98 2011 5 15
82 2003 12 5
70 2005 11 6
48 2004 2 20
32 2014 1 20
95 2005 3 20
99 2007 6 17
25 2004 9 10
41 2011 4 8
77 2006 9 22
49 2000 11 19
47 2005 4 21
61 2014 10 19
48 2003 11 14
50 2007 8 8
80 2002 12 9
65 2007 11 19
3 2014 2 21
12 2000 5 19
51 2005 5 14
18 2010 2 11
55 2016 12 3
77 2011 10 7
77 2005 2 6
18 2008 2 1
54 2008 11 19
70 2015 9 8
95 1999 2 3
12 1998 2 5
11 2008 10 17
53 2012 1 8
100 2014 2 17
3 2000 8 23
23 2005 1 15
75 2004 9 15
23 2010 2 16
59 2012 2 17
25 2016 2 16
72 2006 6 19
50 2008 10 20
76 2017 4 20
45 2000 11 18
99 2007 6 19
77 2001 6 21
59 2004 9 7
68 2006 6 2
97 2017 4 18
89 2003 2 6
53 2015 11 6
32 2004 3 11
85 2006 9 18
52 2005 11 13
96 2009 3 4
78 2008 3 9
50 2002 11 11
87 1999 11 17
35 2002 4 21
27 2002 8 7
12 2003 6 7
67 2012 7 14
7 2011 10 8
8 1998 6 23
70 2008 10 2
45 2013 8 18
55 1998 5 8
10 1998 4 17
98 2016 1 12
10 2016 9 18
67 2003 5 4
27 2009 8 9
77 2003 3 17
50 2008 10 8
67 2011 9 15
35 2003 7 1
40 2000 4 4
97 2016 11 18
86 2017 6 4
37 2006 6 23
40 1998 7 19
84 2009 3 11
11 2011 10 10
21 1998 5 10
77 2005 10 4
23 2007 5 19
38 2006 11 12
10 2011 12 6
22 2012 3 7
72 2011 3 19
92 2015 1 7
12 2007 7 19
59 1998 5 1
68 2004 10 21
67 2012 6 10
73 2012 5 11
72 2010 3 11
82 2000 9 2
17 2017 3 9
47 2000 9 21
86 1999 11 2
27 2017 7 21
98 2004 8 23
23 2013 2 5
51 2009 7 12
31 1999 12 11
32 2004 11 17
11 2005 6 14
2 2009 7 16
81 2003 3 17
6 2004 7 11
51 2011 11 9
88 1998 11 21
54 2001 7 18
6 2007 10 22
13 2014 10 14
91 1999 12 15
22 2006 5 6
42 2014 6 1
59 2008 12 15
46 2007 11 2
55 2009 1 19
2 2013 8 8
52 2002 8 5
54 2016 7 11
72 2002 2 11
64 2010 6 17
74 2009 3 13
50 2000 6 16
1 2011 1 8
3 2001 8 10
81 1998 9 5
22 2003 6 16
96 2008 11 6
31 2005 6 22
11 2004 1 11
60 1999 11 9
73 2016 3 20
90 2002 5 13
57 2012 8 14
91 2003 6 12
10 2008 7 23
24 2002 5 15
25 2000 3 17
9 2001 11 17
21 2005 6 7
5 2010 10 17
11 2005 9 14
75 2015 1 20
84 2009 5 2
51 2015 2 12
58 2009 8 19
100 2012 6 9
89 2016 5 13
78 2002 6 11
78 2015 11 21
55 2013 11 9
9 2005 11 12
84 2013 3 8
23 2017 9 11
4 2017 9 10
91 2004 9 20
49 2007 1 15
16 2015 4 16
99 2003 12 19
73 2002 9 15
85 2017 7 3
71 1998 5 18
52 2017 6 19
13 2007 12 6
11 1998 11 15
30 2002 5 22
50 2009 5 23
7 2016 9 19
26 2000 7 22
80 2009 2 11
13 2003 2 4
48 2007 7 12
29 2012 9 16
35 1999 4 14
63 2009 8 4
70 2005 9 14
28 2010 7 1
94 1998 6 12
92 2006 6 1
13 2001 6 1
3 2014 9 9
23 1998 6 4
78 2016 4 5
98 2017 10 18
59 2008 11 20
95 2008 7 7
30 2001 10 21
60 2004 6 11
12 2010 2 20
69 2005 5 6
16 2005 3 23
70 2002 7 22
69 2012 6 15
30 2010 1 12
28 2006 1 2
26 2009 7 11
47 2015 2 9
85 2016 2 5
13 2010 9 14
27 2009 7 2
64 2014 3 20
91 2015 2 12
54 2010 7 7
31 2004 12 14
81 2013 7 19
12 2001 2 18
65 2002 6 16
93 2007 4 16
86 2017 5 11
35 2012 7 14
75 2009 11 6
35 2014 11 19
66 2000 10 11
8 2013 12 12
71 2006 3 17
38 2007 7 2
36 2015 5 8
94 2008 4 3
25 2016 1 12
32 2015 6 19
30 2012 12 19
73 2013 8 3
2 2016 9 21
48 2015 3 6
3 2013 11 11
42 2009 11 3
85 2011 3 4
68 2006 3 20
1 2006 5 16
49 2013 4 13
25 2004 4 1
82 2005 8 9
69 2014 6 13
100 2017 5 17
86 2015 12 2
57 2007 6 14
76 2015 11 2
46 2009 10 7
48 2004 3 3
28 2014 4 12
5 2014 6 20
95 2010 11 2
100 2011 10 14
79 2003 1 19
89 2012 4 22
46 2008 12 3
4 2002 1 16
74 2004 6 1
59 2007 1 17
99 2009 8 3
7 2015 2 18
76 2001 6 5
32 2006 3 13
59 2005 1 12
91 2005 11 17
59 2001 4 16
26 2013 1 8
25 2003 10 8
10 2000 11 14
46 2001 5 20
76 2014 5 7
10 2015 6 5
44 2008 10 15
72 2016 7 21
55 2006 7 23
18 2001 12 1
64 2015 6 11
53 2006 1 17
100 2017 12 18
81 1998 8 9
38 2013 11 17
48 2001 8 4
62 2017 1 2
66 2006 9 14
89 2004 8 6
43 2017 9 23
48 1999 8 18
97 2013 2 13
82 2000 8 9
30 2002 7 11
27 2003 10 14
40 2017 1 14
30 2005 11 12
36 2005 12 10
12 2015 4 10
55 2015 3 20
86 2008 3 12
82 2004 4 16
76 2002 12 4
15 2000 8 12
100 1998 6 14
93 2010 3 11
21 2001 4 10
98 2001 11 9
9 2017 9 20
75 2009 10 23
11 2002 9 4
41 2013 4 1
29 2013 5 12
44 2010 11 6
35 2013 4 15
7 2015 9 14
31 2009 1 4
39 2012 9 10
26 2007 6 17
90 1998 1 10
94 2002 2 5
76 2005 12 11
9 2007 7 23
25 2001 12 6
53 2000 11 20
74 2000 8 13
2 2017 4 23
15 2001 5 8
75 2016 9 19
75 2007 11 21
63 2010 1 21
22 2013 3 3
55 2002 3 18
19 2002 9 20
61 2009 3 18
14 2017 4 21
15 2002 3 8
48 1999 7 2
28 2016 3 4
6 2012 5 6
79 2000 6 22
100 2009 2 13
24 2015 3 5
28 1999 10 15
29 2001 9 1
57 2014 8 11
74 2000 6 6
100 2008 10 21
23 2017 12 23
57 2005 11 14
8 2011 2 15
89 2004 10 5
17 2009 11 21
99 2004 8 22
52 2017 3 20
8 2015 7 17
8 2004 12 8
9 2013 1 21
25 2001 12 21
75 1998 7 10
36 2003 1 10
70 2015 11 21
30 1998 6 14
22 1999 6 5
14 2006 7 13
37 2007 2 9
50 2017 8 19
40 2013 3 12
41 2013 7 19
80 2000 1 5
46 1999 1 1
31 2007 9 5
68 2012 10 8
46 1998 1 21
18 2011 12 17
24 1999 6 12
86 2017 3 11
56 2012 5 1
40 2005 2 8
45 1999 1 23
28 2007 2 15
2 2014 1 9
74 2010 8 3
19 2003 12 9
57 2008 3 9
32 2002 8 23
34 2012 12 3
93 2012 6 3
61 2016 6 18
94 2014 7 1
91 2013 9 22
10 2004 10 3
40 2012 9 22
91 2012 9 2
82 2001 4 7
89 2017 6 1
20 2008 6 6
82 2001 6 17
100 2001 6 12
54 2012 11 1
93 2014 9 5
99 2007 3 21
25 2006 12 18
54 2002 2 22
33 2011 9 14
82 2009 4 5
26 1998 12 18
29 2001 7 3
32 2003 5 2
26 2002 1 17
34 2010 1 10
22 2011 3 18
